NAME: Genoa Problem
TYPE: ATSP
COMMENT: Generated by Python
DIMENSION: 47
EDGE_WEIGHT_TYPE: EXPLICIT
EDGE_WEIGHT_FORMAT: FULL_MATRIX
EDGE_WEIGHT_SECTION
 0 86 29 30 1 29 2 34 411 411 411 481 581 538 155 255 258 375 372 470 336 2 366 351 257 313 178 255 253 462 459 2 411 312 376 378 438 93 94 2 2 487 455 413 258 524 597
 66 0 96 96 68 96 68 100 376 376 376 514 613 571 188 288 290 408 405 502 332 68 344 348 290 279 211 288 286 494 492 68 376 290 409 411 471 56 57 68 68 520 488 446 290 557 630
 100 83 0 0 102 0 102 4 408 408 408 479 578 536 152 253 255 373 370 467 333 102 364 349 254 311 176 252 251 459 457 102 408 309 373 375 436 90 91 102 102 485 453 410 255 522 595
 101 84 0 0 103 0 103 4 409 409 409 479 579 536 153 253 256 373 370 468 334 103 364 349 255 311 176 253 251 460 457 103 409 310 374 376 437 91 92 103 103 486 453 411 256 522 595
 101 84 27 28 0 27 0 32 409 409 409 479 579 536 153 253 256 373 370 468 334 0 364 350 255 311 176 253 252 460 457 0 409 310 374 376 437 91 92 0 0 486 454 411 256 522 595
 100 83 0 0 102 0 102 4 408 408 408 479 578 536 152 253 255 373 370 467 333 102 364 349 254 311 176 252 251 459 457 102 408 309 373 375 436 90 91 102 102 485 453 410 255 522 595
 101 84 27 28 103 27 0 32 408 408 408 479 579 536 153 253 255 373 370 468 334 0 364 349 255 311 176 253 251 460 457 0 408 310 374 376 436 91 91 0 0 485 453 411 255 522 595
 105 88 4 4 107 4 107 0 413 413 413 483 583 540 157 257 260 377 374 472 338 107 368 354 259 315 180 257 256 464 461 107 413 314 378 380 441 95 96 107 107 490 458 415 260 526 599
 34 121 64 65 36 64 37 69 0 0 0 516 616 573 190 290 292 410 407 505 371 37 401 386 292 348 213 290 288 497 494 37 0 347 411 413 473 128 128 37 37 522 490 448 292 559 632
 34 121 64 65 36 64 37 69 0 0 0 516 616 573 190 290 292 410 407 505 371 37 401 386 292 348 213 290 288 497 494 37 0 347 411 413 473 128 128 37 37 522 490 448 292 559 632
 34 121 64 65 36 64 37 69 0 0 0 516 616 573 190 290 292 410 407 505 371 37 401 386 292 348 213 290 288 497 494 37 0 347 411 413 473 128 128 37 37 522 490 448 292 559 632
 637 571 667 668 639 667 639 672 945 945 945 0 228 298 648 605 607 433 271 313 829 639 851 845 607 836 672 574 572 305 289 639 945 796 423 425 428 627 628 639 639 6 281 316 607 42 245
 571 505 601 601 573 601 573 605 879 879 879 259 0 313 582 539 541 367 205 247 763 573 784 779 540 770 605 507 506 239 223 573 879 730 357 359 361 561 562 573 573 265 215 250 541 301 16
 444 378 474 474 446 474 446 479 752 752 752 124 236 0 455 412 414 267 240 112 636 446 667 652 414 643 479 380 379 104 102 446 752 612 295 275 235 434 435 446 446 130 98 285 414 167 253
 242 175 271 272 243 271 244 276 545 545 545 499 607 556 0 113 115 393 398 488 227 244 257 243 115 234 152 117 115 480 477 244 545 203 407 409 456 231 232 244 244 505 473 439 115 542 623
 201 134 231 231 203 231 203 235 501 501 501 448 556 505 212 0 2 342 347 437 393 203 423 408 1 400 235 66 64 429 426 203 501 369 356 358 405 191 192 203 203 454 422 388 2 491 573
 203 137 233 234 205 233 206 238 504 504 504 451 559 508 214 2 0 345 350 439 395 206 426 411 0 402 238 68 67 431 429 206 504 371 359 361 408 193 194 206 206 457 425 391 0 494 575
 377 311 407 408 379 407 380 412 685 685 685 244 326 301 388 324 327 0 118 233 556 380 587 572 326 563 412 293 291 225 212 380 685 532 180 160 201 367 368 380 380 250 204 158 327 287 343
 405 339 435 435 407 435 407 439 713 713 713 130 208 184 416 363 366 161 0 118 585 407 579 601 365 592 439 332 330 110 94 407 713 525 152 154 201 395 396 407 407 136 86 44 366 172 225
 649 582 678 679 651 678 651 683 957 957 957 11 240 310 660 616 619 444 282 0 841 651 862 856 618 848 683 585 584 317 301 651 957 808 435 437 439 639 640 651 651 17 293 327 619 54 256
 289 222 318 319 291 318 291 323 599 599 599 630 738 687 159 244 246 524 529 619 0 291 353 15 246 97 200 248 246 611 608 291 599 298 534 536 587 279 280 291 291 636 604 570 246 673 754
 101 84 27 28 103 27 0 32 408 408 408 479 579 536 153 253 255 373 370 468 334 0 364 349 255 311 176 253 251 460 457 0 408 310 374 376 436 91 91 0 0 485 453 411 255 522 595
 323 269 353 353 325 353 325 358 522 522 522 679 786 736 206 292 295 573 577 667 280 325 0 296 294 287 247 296 295 659 656 325 522 110 581 583 636 313 307 325 325 685 653 566 295 721 802
 305 238 334 335 306 334 307 339 615 615 615 646 754 703 174 260 262 540 545 634 15 307 368 0 261 113 215 263 262 626 624 307 615 314 550 552 603 294 295 307 307 652 620 586 262 689 770
 203 136 232 233 205 232 205 237 503 503 503 450 558 507 214 1 0 344 349 439 395 205 425 410 0 402 237 68 66 431 428 205 503 371 358 360 407 193 193 205 205 456 424 390 0 493 574
 314 248 344 345 316 344 316 349 625 625 625 656 763 713 184 269 272 550 555 644 94 316 378 110 271 0 225 273 272 636 633 316 625 324 559 561 613 304 305 316 316 662 630 596 272 698 780
 228 162 258 258 230 258 230 263 529 529 529 476 583 533 180 89 92 370 375 464 295 230 326 311 91 302 0 93 92 456 453 230 529 271 383 386 433 218 219 230 230 482 450 416 92 518 600
 135 68 164 165 136 164 137 169 435 435 435 400 499 457 146 205 207 294 291 388 326 137 357 342 207 334 169 0 172 380 378 137 435 303 295 297 357 125 125 137 137 406 374 332 207 443 516
 136 70 166 166 138 166 138 170 437 437 437 401 501 458 147 206 209 295 292 390 328 138 358 344 208 335 171 1 0 382 379 138 437 304 296 298 359 126 127 138 138 408 376 333 209 444 517
 657 590 686 687 659 686 659 691 965 965 965 19 248 318 668 624 627 452 290 8 849 659 870 864 626 856 691 593 592 0 309 659 965 816 443 445 447 647 648 659 659 25 301 335 627 62 264
 358 291 387 388 360 387 360 392 666 666 666 45 149 100 369 325 328 181 153 34 550 360 580 565 327 557 392 294 292 26 0 360 666 526 209 189 148 348 348 360 360 51 10 198 328 88 165
 101 84 27 28 103 27 0 32 408 408 408 479 579 536 153 253 255 373 370 468 334 0 364 349 255 311 176 253 251 460 457 0 408 310 374 376 436 91 91 0 0 485 453 411 255 522 595
 34 121 64 65 36 64 37 69 0 0 0 516 616 573 190 290 292 410 407 505 371 37 401 386 292 348 213 290 288 497 494 37 0 347 411 413 473 128 128 37 37 522 490 448 292 559 632
 304 244 334 334 306 334 306 338 497 497 497 653 761 710 180 267 270 547 552 642 255 306 103 271 269 262 221 271 269 634 631 306 497 0 556 558 611 294 288 306 306 660 627 541 270 696 777
 360 294 390 391 362 390 363 395 668 668 668 194 306 251 371 328 331 171 135 182 552 363 583 568 330 559 395 297 295 174 171 363 668 528 0 23 151 350 351 363 363 200 168 176 331 236 323
 337 271 367 368 339 367 339 372 645 645 645 171 283 228 348 305 307 148 141 159 529 339 560 545 307 536 372 274 272 151 148 339 645 505 19 0 128 327 328 339 339 177 145 181 307 213 300
 345 279 375 376 347 375 347 380 653 653 653 179 291 236 356 313 315 156 181 167 537 347 568 553 315 544 380 282 280 159 156 347 653 513 60 40 0 335 336 347 347 185 153 222 315 221 308
 10 96 39 40 11 39 12 44 421 421 421 491 591 548 165 265 268 385 382 480 346 12 376 361 267 323 188 265 263 472 469 12 421 322 386 388 449 0 104 12 12 498 465 423 268 534 607
 128 61 157 158 130 157 130 162 438 438 438 457 556 514 130 231 233 351 348 445 311 130 342 327 232 318 154 230 229 437 435 130 438 287 351 353 414 118 0 130 130 463 431 388 233 500 573
 101 84 27 28 103 27 0 32 408 408 408 479 579 536 153 253 255 373 370 468 334 0 364 349 255 311 176 253 251 460 457 0 408 310 374 376 436 91 91 0 0 485 453 411 255 522 595
 101 84 27 28 103 27 0 32 408 408 408 479 579 536 153 253 255 373 370 468 334 0 364 349 255 311 176 253 251 460 457 0 408 310 374 376 436 91 91 0 0 485 453 411 255 522 595
 631 565 661 661 633 661 633 665 939 939 939 319 222 292 642 599 601 427 265 307 823 633 845 839 601 830 666 567 566 299 283 633 939 790 417 419 422 621 622 633 633 0 275 310 601 36 238
 356 289 385 386 357 385 358 390 663 663 663 43 138 98 367 323 326 179 142 32 547 358 578 563 325 554 390 292 290 24 7 358 663 523 207 187 146 345 346 358 358 49 0 187 326 86 155
 399 332 428 429 400 428 401 433 706 706 706 175 253 229 410 355 358 149 44 163 587 401 618 603 357 594 433 324 322 155 139 401 706 563 172 152 189 388 389 401 401 181 131 0 358 217 270
 203 137 233 234 205 233 206 238 504 504 504 451 559 508 214 2 0 345 350 439 395 206 426 411 0 402 238 68 67 431 429 206 504 371 359 361 408 193 194 206 206 457 425 391 0 494 575
 595 528 624 625 596 624 597 629 902 902 902 282 185 256 606 562 565 390 228 271 786 597 808 802 564 793 629 531 529 263 246 597 902 754 381 383 385 584 585 597 597 288 239 273 565 0 202
 589 522 618 619 590 618 591 623 896 896 896 276 17 331 600 556 559 384 222 265 780 591 802 796 558 787 623 525 523 257 240 591 896 748 375 377 379 578 579 591 591 282 233 267 559 319 0
EOF
